This is process 1!
Inputs: -0.842540 0.499308 -0.687342 -0.611741 
Outputs: 0.959182 0.846666 
