This is process 0!
Inputs: 0.679201 -0.918645 0.228406 0.634628 
Outputs: 1.305223 0.454922 
